0.0863419
0.163438
0.0889509
0.114775
0.172325
0.069457
0.0821643
0.162282
0.153429
0.136033
0.151413
0.139238
0.16216
0.157191
0.0760952
0.149528
0.0926904
0.14069
0.129122
0.0921664
0.134352
0.151647
0.138647
0.136956
0.135478
0.124862
0.0989155
0.0906862
0.149662
0.142865
0.130199
0.122351
0.117884
0.148842
0.144646
0.0345432
0.137565
0.132211
0.135244
0.118076
0.101483
0.0945381
0.0510048
0.166577
0.112638
0.101915
0.0889731
0.0857091
0.123069
0.15857
0.0663872
0.142289
0.138583
0.133529
0.121676
0.117623
0.108382
0.107078
0.0955981
0.0925518
0.118106
0.113393
0.102467
0.0969866
0.146665
0.0648081
0.13917
0.145522
0.133341
0.13223
0.11948
0.10828
0.092739
0.090373
0.0863585
0.156304
0.0584743
0.0600062
0.0633255
0.13772
0.136555
0.146283
0.115458
0.143729
0.13923
0.135994
0.115646
0.111876
0.110214
0.104331
0.0978718
0.0858403
0.027736
0.162978
0.162763
0.141339
0.147429
0.104244
0.14288
0.113781
0.141707
0.130486
0.122881
0.11748
0.0939269
0.16541
0.161567
0.0587315
0.0551141
0.146495
0.145449
0.139549
0.173427
0.0975294
0.0947147
0.0878313
0.0886487
0.0504213
0.0519396
0.133861
0.10133
0.0932758
0.172901
0.0531259
0.0496968
0.0662331
0.07878
0.10513
0.0895436
0.100528
0.0747552
0.157148
0.128199
0.0936006
0.121643
0.102797
0.14721
0.149868
0.0970541
0.0924773
0.0952842
0.0481936
0.0450151
0.0465106
0.139919
0.135032
0.1074
0.0900343
0.103222
0.0692443
0.15692
0.0930256
0.142496
0.146716
0.14608
0.141815
0.130458
0.103897
0.085486
0.0217698
0.0463133
0.0448425
0.0468968
0.160237
0.126978
0.0980797
0.0920654
0.109059
0.0823868
0.147062
0.109883
0.1077
0.102541
0.0921479
0.117168
0.139334
0.0427746
0.0383289
0.0683037
0.0992047
0.0719183
0.161807
0.0765249
0.106202
0.0867547
0.0842931
0.085743
0.0826023
0.0391707
0.0424648
0.111005
0.0504333
0.135265
0.13262
0.128866
0.0970504
0.0724597
0.15285
0.0348386
0.0377522
0.144575
0.089195
0.159357
0.155701
0.0388523
0.132784
0.0609046
0.0839751
0.0888835
0.138352
0.12843
0.13979
0.104426
0.0985998
0.0952418
0.0673685
0.106242
0.157775
0.151383
0.158404
0.107916
0.149225
0.132339
0.0996419
0.0921901
0.0877955
0.158792
0.010253
0.0322636
0.153581
0.1422
0.148093
0.102444
0.0956913
0.0782439
0.117036
0.157414
0.106826
0.157948
0.161557
0.135998
0.110218
0.103467
0.0925034
0.0892583
0.0864394
0.140375
0.154823
0.0652917
0.102827
0.155414
0.149987
0.148964
0.146722
0.142807
0.139125
0.107407
0.107081
0.0980969
0.0440201
0.0758299
0.154932
0.159948
0.140962
0.134986
0.132058
0.130371
0.0940864
0.083584
0.102372
0.163144
0.145505
0.130826
0.123836
0.0908792
0.0858774
0.156283
0.155318
0.150185
0.149564
0.145624
0.138985
0.13518
0.150975
0.138799
0.115034
0.109275
0.104629
0.0967865
0.0916019
0.16031
0.160477
0.141252
0.104371
0.0924139
0.158472
0.152102
0.140168
0.132693
0.127151
0.145203
0.111389
0.133416
0.155651
0.158473
0.156163
0.0216717
0.147504
0.142904
0.13161
0.103246
0.0960058
0.126316
0.121665
0.136967
0.0846893
0.064238
0.151913
0.149637
0.0718112
0.109051
0.100674
0.0888088
0.165485
0.161696
0.072805
0.121867
0.0757779
0.136777
0.143218
0.13778
0.135848
0.128863
0.122729
0.0990448
0.0990178
0.0935708
0.0827881
0.0250991
0.136272
0.15053
0.138005
0.14502
0.130017
0.106022
0.0630094
0.0943656
0.150472
0.157544
0.150805
0.127067
0.124713
0.112547
0.103471
0.0380859
0.0573158
0.138462
0.154538
0.0536645
0.107533
0.0978091
0.0874595
0.159959
0.14747
0.143011
0.140965
0.137495
0.135669
0.132091
0.127301
0.0923256
0.0817809
0.0691621
0.173207
0.152763
0.133066
0.159011
0.150997
0.120749
0.118791
0.106093
0.100568
0.0928981
0.0876167
0.092675
0.160862
0.0703196
0.147384
0.127135
0.115745
0.0766123
0.0971278
0.0735974
0.154552
0.145297
0.139593
0.134186
0.161085
0.0775507
0.069895
0.0818033
0.0819018
0.100569
0.149721
0.153828
0.142294
0.13428
0.129653
0.12601
0.121494
0.118726
0.115836
0.157591
0.0835026
0.0808151
0.0770646
0.071405
0.0885643
0.152762
0.0803146
0.0992085
0.137791
0.131716
0.123364
0.112559
0.112752
0.10917
0.162
0.158547
0.122791
0.120158
0.140683
0.161105
0.158971
0.15521
0.148828
0.138891
0.118981
0.101591
0.0851771
0.139993
0.10998
0.0850957
0.0732594
0.0883182
0.153795
0.149561
0.146168
0.143757
0.134429
0.105125
0.0973423
0.0972869
0.0797763
0.0568157
0.136415
0.128892
0.11551
0.107619
0.104636
0.0933536
0.0895531
0.0779591
0.0741327
0.0577681
0.126114
0.110744
0.102368
0.0840149
0.0802066
0.13834
0.133223
0.0706004
0.149888
0.148965
0.144031
0.135875
0.0987825
0.0882232
0.0792698
0.0688146
0.0475876
0.13999
0.133079
0.132424
0.12211
0.117075
0.101041
0.0717714
0.125656
0.131171
0.139083
0.140146
0.126944
0.114786
0.110546
0.097012
0.0856757
0.132914
0.13851
0.0932543
0.118581
0.125829
0.165105
0.125221
0.0832704
0.129931
0.112466
0.0613757
0.120006
0.103693
0.0853946
0.0787675
0.145006
0.131744
0.126028
0.0929262
0.0979671
0.140615
0.0443063
0.135331
0.138566
0.133951
0.12445
0.122398
0.11907
0.114243
0.163387
0.0666534
0.0817781
0.0770855
0.107261
0.0700324
0.0786049
0.110903
0.136806
0.132694
0.0742113
0.068416
0.135202
0.0858531
0.0797178
0.106593
0.147001
0.149032
0.150771
0.111014
0.0772667
0.069292
0.0689779
0.133682
0.0648472
0.0722133
0.0585042
0.05841
0.0551327
0.138693
0.157517
0.137028
0.0839553
0.077082
0.0607396
0.139078
0.137834
0.142821
0.172226
0.168219
0.127234
0.0656773
0.0541729
0.0577579
0.151308
0.157882
0.166039
0.12839
0.147606
0.0402148
0.0797257
0.0740935
0.0690717
0.0583531
0.0519977
0.12971
0.119859
0.0687813
0.0739955
0.0711782
0.0608878
0.0522663
0.0537538
0.14746
0.150163
0.136803
0.0268993
0.133322
0.153558
0.107005
0.177702
0.081589
0.138969
0.0455603
0.0328353
0.146958
0.0779293
0.0679234
0.0625248
0.124344
0.0423269
0.0745731
0.0569333
0.0535643
0.147551
0.145404
0.0495109
0.0491685
0.12547
0.152069
0.0724041
0.0639058
0.0449649
0.135872
0.0650983
0.134348
0.0862303
0.0821342
0.0685721
0.0566931
0.146612
0.135803
0.0485917
0.156067
0.1407
0.131575
0.149032
0.0823446
0.0771047
0.0597271
0.0508292
0.0455267
0.0419998
0.165997
0.165998
0.0418921
0.175108
0.0695713
0.0539014
0.1389
0.0432206
0.141718
0.0807394
0.0788328
0.0705034
0.051611
0.0460487
0.147611
0.138307
0.0537658
0.0654065
0.0626091
0.0546033
0.0400785
0.0422603
0.159625
0.156101
0.0198181
0.066327
0.0488054
0.0788846
0.0391413
0.00501834
0.053604
0.141714
0.134742
0.152139
0.153259
0.0747079
0.0593493
0.0148364
0.0390317
0.14158
0.0808657
0.0798532
0.0579889
0.0498655
0.0444593
0.139708
0.17286
0.152034
0.0910722
0.143198
0.140504
0.0695237
0.0629449
0.054285
0.0399089
0.133061
0.142705
0.0963149
0.167748
0.150941
0.0631321
0.146636
0.060456
0.0760428
0.0592192
0.0329165
0.14168
0.129279
0.126928
0.15137
0.0738706
0.0677716
0.0511532
0.166229
0.129043
0.135168
0.162357
0.142383
0.0776732
0.0733119
0.0392678
0.123783
0.0591422
0.131086
0.0634309
0.0568357
0.0463773
0.0282038
0.119626
0.173606
0.147173
0.135587
0.123364
0.0140541
0.142326
0.138953
0.122171
0.125233
0.153525
0.0817688
0.0735687
0.0690873
0.0648054
0.057521
0.140503
0.141363
0.0689331
0.14455
0.077152
0.0600228
0.0342435
0.0294718
0.126206
0.160509
0.135418
0.0186975
0.133337
0.0780654
0.159495
0.0687781
0.134704
0.0728706
0.170069
0.171449
0.0594679
0.0360308
0.0656759
0.0696831
0.0580201
0.0549771
0.0488468
0.160867
0.0589708
0.127205
0.144808
0.149528
0.0528277
0.0470614
0.178267
0.16548
0.011391
0.0444503
0.0810225
0.066162
0.0490717
0.128934
0.151913
0.0846185
0.074294
0.0536332
0.0502148
0.0279253
0.0639283
0.154188
0.179048
0.160879
0.121439
0.0794993
0.0643488
0.05621
0.150939
0.162888
0.129326
0.165968
0.148014
0.173253
0.0608046
0.05264
0.0754685
0.0464158
0.141817
0.151763
0.173068
0.0738936
0.129385
0.0584488
0.140281
0.138672
0.138297
0.0563074
0.14135
0.0428606
0.0422828
0.0338831
0.0399256
0.0423084
0.0389607
0.0750192
0.0418502
0.0407249
0.0398716
0.171374
0.145158
0.185037
0.182933
0.142
0.0843368
0.037386
0.0333294
0.0368747
0.166243
0.148177
0.180292
0.00714046
0.163302
0.0495682
0.0393308
0.0335055
0.03872
0.135519
0.0372785
0.0217645
0.161401
0.111904
0.177744
0.0448498
0.0351934
0.0222794
0.0320029
0.0332909
0.0672097
0.13303
0.0513317
0.0435222
0.0300742
0.161805
0.0279061
0.0261122
0.0264905
0.0311351
0.0305637
0.0578365
0.178219
0.128194
0.024478
0.11875
0.163973
0.129068
0.138042
0.12326
0.186508
0.0478927
0.0365646
0.0290317
0.169732
0.0511204
0.0401575
0.0325185
0.0870695
0.0232904
0.121098
0.0467528
0.0817922
0.128134
0.0458745
0.0420155
0.0308986
0.0228357
0.176939
0.151792
0.163314
0.0177205
0.0203942
0.020803
0.0390568
0.0348747
0.0183571
0.0580551
0.140294
0.0397306
0.0337696
0.0307187
0.014914
0.0159435
0.0801132
0.151497
0.0367412
0.0133527
0.0202082
0.176291
0.150214
0.146042
0.0322778
0.0126658
0.164638
0.17332
0.177233
0.154571
0.133734
0.038194
0.0316755
0.0118004
0.00997832
0.149272
0.143562
0.00846795
0.00843829
0.145754
0.143281
0.187221
0.135148
0.0354021
0.00633006
0.00544995
0.175313
0.17139
0.145873
0.112022
0.12074
0.034546
0.18322
0.0127938
0.148146
0.135365
0.1416
0.0302377
0.0883675
0.0073785
0.0946534
0.166041
0.173239
0.141035
0.163418
0.0145733
0.115306
0.171368
0.151611
0
0.0102764
0.119847
0.170116
0.157792
0.154147
0.170381
0.009481
0.00863716
0
0.00587267
0.142224
0.139749
0.133205
0.00976013
0.00568377
0.0270087
0.110375
0.144397
0.0125211
0.148828
0.030789
0.166998
0.0157011
0.0163199
0.00445422
0.0254138
0.123144
0.0182645
0.0366832
0.032182
0.135185
0
0.00392982
0.168774
0.13548
0.0101554
0
0
0.163687
0.186887
0.156228
0.116238
0.0418604
0.140624
0.158617
0.0293968
0.185166
0.140226
0.135703
0.124754
0.0241479
0.00369489
0.00394592
0.0818443
0.143184
0.158054
0.147372
0.0197268
0.011543
0.124068
0.187413
0.186725
0.184767
0.175869
0.184681
0.157678
0.0920151
0.14131
0.137125
0.153141
0.183589
0.154841
0.154245
0.179889
0.0981585
0.140918
0.159418
0.159808
0.143133
0.181043
0.114099
0.138967
0.143663
0.174397
0.142607
0.0967139
0.180375
0.180744
0.0721301
0.144671
0.109838
0.118417
0.104453
0.134936
0.111603
0.0744637
0.081859
0.0800116
0.148244
0.146682
0.149789
0.143168
0.0868062
0.113211
0.152234
0.181276
0.178739
0.152645
0.141665
0.15159
0.146935
0.0933408
0.147785
0.148714
0.159287
0.0922377
0.169899
0.16877
0.0267639
0.185442
0.09653
0.0911616
0.0352532
0.127617
0.171285
0.141288
0.158393
0.0284259
0.109364
0.0391985
0.144403
0.16544
0.173477
0.152104
0.0320177
0.109295
0.0424099
0.135959
0.156635
0.122897
0.167463
0.0265171
0.133983
0.036176
0.0424356
0.123498
0.17311
0.174839
0.144561
0.164355
0.101193
0.13441
0.0881156
0.0478515
0.0473936
0.148807
0.166971
0.112301
0.0530937
0.175814
0.0882284
0.138774
0.136622
0.114017
0.170849
0.0248002
0.140005
0.0408983
0.0565055
0.139392
0.160426
0.16052
0.15854
0.167286
0.154117
0.033962
0.0318193
0.0289045
0.0224464
0.0611437
0.125914
0.148657
0.066562
0.156913
0.168954
0.161349
0.0705346
0.0311913
0.0272702
0.139735
0.0541636
0.0576653
0.167864
0.113603
0.171227
0.0773588
0.0825481
0.0362475
0.163242
0.0448391
0.0523576
0.118499
0.151813
0.150379
0.154924
0.160474
0.0271791
0.103746
0.107913
0.0508021
0.0636109
0.0675421
0.070015
0.0879285
0.130906
0.158279
0.0340231
0.033434
0.0610023
0.153155
0.146988
0.115627
0.144491
0.120457
0.0315155
0.170604
0.131547
0.0952742
0.0479046
0.0581904
0.13199
0.0995894
0.0988505
0.160463
0.144488
0.108591
0.157717
0.0963317
0.0749866
0.156914
0.132097
0.137967
0.141418
0.0236573
0.143345
0.128
0.13212
0.133138
0.133941
0.142669
0.144517
0.132302
0.140527
0.142089
0.145848
0.144141
0.142207
0.0804184
0.12435
0.128344
0.128531
0.129978
0.131892
0.13311
0.136626
0.129411
0.128044
0.125664
0.109136
0.115489
0.134259
0.145123
0.163282
0.127595
0.130571
0.12811
0.126869
0.165677
0.122075
0.129896
0.122344
0.124283
0.128242
0.156173
0.116968
0.146136
0.127369
0.158074
0.130175
0.126772
0.0145305
0.165498
0.147535
0.118215
0.130916
0.12538
0.105301
0.125174
0.124353
0.141804
0.144327
0.164714
0.121934
0.148591
0.133334
0.118612
0.16467
0.129169
0.129735
0.127425
0.112029
0.163642
0.126019
0.168499
0.141948
0.128665
0.114859
0.164203
0.119948
0.162654
0.177928
0.106967
0.123979
0.16854
0.166761
0.171319
0.125666
0.131167
0.168821
0.16322
0.145586
0.165876
0.128294
0.173533
0.175705
0.168365
0.120469
0.160605
0.160518
0.086392
0.171053
0.17701
0.129284
0.148156
0.176923
0.128185
0.125064
0.13247
0.165135
0.130407
0.179677
0.134952
0.140529
0.140734
0.149829
0.160525
0.112206
0.170314
0.165968
0.137148
0.164171
0.1197
0.124407
0.178299
0.147276
0.171404
0.170484
0.109128
0.168753
0.107854
0.166641
0.171417
0.115438
0.105497
0.165445
0.167408
0.146619
0.0402581
0.137218
0.154399
0.162197
0.174749
0.162971
0.160201
0.174046
0.111567
0.10089
0.12674
0.170587
0.0537019
0.117071
0.135996
0.17248
0.152013
0.112949
0.16646
0.118642
0.171536
0.109745
0.114841
0.147078
0.169226
0.168303
0.162509
0.165964
0.159854
0.163457
0.166148
0.161356
0.0958416
0.160285
0.065277
0.169881
0.120744
0.113272
0.169884
0.173144
0.123325
0.0855064
0.0740253
0.0704868
0.12152
0.0888994
0.125724
0.0949909
0.0921042
0.0962033
0.140259
0.0222907
0.124143
0.138994
0.174192
0.147866
0.183971
0.0862555
0.0917265
0.117872
0.122291
0.155131
0.142364
0.160711
0.0866051
0.0971243
0.144151
0.145183
0.178653
0.146815
0.0934257
0.0992648
0.0876085
0.120944
0.153206
0.133371
0.138755
0.146607
0.144821
0.0913542
0.0940248
0.130688
0.121365
0.142382
0.138142
0.144982
0.150797
0.149725
0.111854
0.11696
0.121501
0.165576
0.141788
0.144997
0.153756
0.175239
0.165355
0.16908
0.0791892
0.141783
0.113434
0.14026
0.132152
0.149567
0.137791
0.129452
0.133908
0.136452
0.147921
0.0849192
0.14931
0.117178
0.144237
0.146274
0.173728
0.105791
0.13962
0.167414
0.0536075
0.0770172
0.0786355
0.0152413
0.0317551
0.108492
0.110945
0.131996
0.13402
0.143457
0.180324
0.0794792
0.0562038
0.115484
0.16059
0.0747749
0.0834161
0.110831
0.134511
0.165016
0.179829
0.16267
0.0717267
0.124057
0.140266
0.146434
0.155971
0.141681
0.107952
0.12248
0.145343
0.160259
0.165306
0.0426504
0.0767321
0.0832475
0.118118
0.154837
0.185571
0.18279
0.168195
0.177595
0.0801258
0.0310418
0.114636
0.166909
0.0406713
0.171784
0.161656
0.161202
0.178386
0.0945373
0.0314621
0.081276
0.175128
0.155159
0.144119
0.143202
0.173758
0.0233945
0.0738932
0.0775792
0.0262901
0.137497
0.177513
0.155085
0.0709246
0.0341134
0.175824
0.0668035
0.0677513
0.0712314
0.0838106
0.117977
0.171682
0.0737088
0.0825198
0.0324912
0.0132367
0.0510285
0.126862
0.176387
0.148754
0.14247
0.0110423
0.129055
0.0969784
0.155989
0.178181
0.0706251
0.0297366
0.140253
0.14615
0.151167
0.0417493
0.129762
0.136628
0.143549
0.140935
0.16061
0.158335
0.187507
0.0708875
0.0494836
0.134204
0.137964
0.144764
0.157845
0.0522896
0.149974
0.0699862
0.0738085
0.0783622
0.133015
0.154993
0.138019
0.1588
0.0462661
0.0826514
0.139088
0.14129
0.147691
0.151443
0.157551
0.0361574
0.149826
0.1607
0.170601
0.0775977
0.119707
0.128645
0.156816
0.156995
0.164341
0.161671
0.0366773
0.0721113
0.187711
0.0661037
0.134155
0.134874
0.0691759
0.0729053
0.0783059
0.0917887
0.127084
0.137379
0.150099
0.152537
0.16268
0.123466
0.132636
0.143823
0.157821
0.133402
0.137127
0.144132
0.145235
0.101012
0.0733364
0.0762199
0.138475
0.0564636
0.153261
0.149693
0.154886
0.139976
0.145901
0.151994
0.153241
0.160214
0.137403
0.0807322
0.133984
0.142648
0.165269
0.155781
0.0700124
0.0739304
0.123108
0.127883
0.13096
0.149222
0.155059
0.141772
0.140222
0.137371
0.169419
0.141122
0.147512
0.154777
0.141935
0.132331
0.166963
0.0555524
0.165983
0.148423
0.12006
0.129824
0.0510682
0.0764495
0.084131
0.0550679
0.0328241
0.0468273
0.0466956
0.0248189
0.0149147
0.0203256
0.062397
0.00508764
0.177354
0.0494033
0.0258155
0.0540118
0.0175292
0.0515035
0.107283
0.046611
0.0262792
0.0750766
0.177608
0.0590899
0.125156
0.0329747
0.0828746
0.0966186
0.0589948
0.179737
0.0773658
0.180661
0.0923938
0.0530634
0.134759
0.0990305
0.181801
0.0752526
0.0493946
0.134287
0.0213646
0.053156
0.063582
0.0589436
0.128806
0.0625658
0.0505194
0.180252
0.131798
0.0782978
0.0346944
0.0797751
0.177565
0.044212
0.129178
0.022101
0.0177118
0.0566929
0.0228257
0.0349258
0.0929957
0.0573938
0.0621281
0.0199909
0.0328491
0.0880805
0.0286486
0.111025
0.0501599
0.0142575
0.0372805
0.0912886
0.0397314
0.113472
0.125373
0.0337329
0.0241569
0.0351449
0.0195704
0.014201
0.0367845
0.087309
0.0192426
0.0507771
0.0230003
0.0434699
0.0827935
0.0735579
0.122407
0.030203
0.0327546
0.0638137
0.0604715
0.0607696
0.0434908
0.0684197
0.189524
0.0717824
0.11065
0.027139
0.0834945
0.118461
0.0251754
0.0860977
0.0488753
0.108281
0.0898167
0.0312952
0.0539457
0.0106635
0.0421225
0.0231068
0.0273316
0.0400038
0.0661616
0.154606
0.0155951
0.00895804
0.0481622
0.0711959
0.0493015
0.109102
0.0787321
0.088105
0.0404678
0.0171062
0.10258
0.0335411
0.0600001
0.0681668
0.0183025
0.0446121
0.11282
0.104747
0.0532027
0.0611331
0.0666572
0.0890584
0.111361
0.108581
0.0387084
0.0721965
0.0650716
0.0135059
0.188451
0.0788061
0.0575271
0.0641878
0.104706
0.066544
0.0373265
0.0439664
0.0138669
0.104278
0.0959331
0.0732523
0.188754
0.102893
0.106209
0.102311
0.0698329
0.0595127
0.0579466
0.0222713
0.187953
0.0106273
0.0263294
0.029971
0.0945711
0.0864681
0.103738
0.0907107
0.0256767
0.0760085
0.0631067
0.104666
0.0791734
0.0271659
0.0412136
0.100064
0.0962713
0.0769588
0.0724346
0.0660042
0.0521582
0.0648904
0.070659
0.0439626
0.0493562
0.0931728
0.0968587
0.15841
0.0403837
0.0472768
0.0575842
0.0621556
0.0997399
0.0891924
0.0939092
0.117249
0.160164
0.0545965
0.0725891
0.039902
0.0556035
0.064151
0.123533
0.0974961
0.120236
0.0360681
0.0341721
0.044868
0.0272356
0.103876
0.113211
0.0376875
0.0480856
0.0546906
0.0630087
0.0707323
0.0446655
0.100498
0.117994
0.103759
0.0326362
0.127322
0.0340848
0.0388433
0.0426209
0.0536938
0.0607132
0.0310424
0.0403025
0.0473415
0.0464816
0.0756928
0.143116
0.100996
0.0271867
0.0342893
0.0266365
0.0353392
0.0338544
0.0416919
0.0532212
0.0558478
0.0651473
0.0295101
0.0259195
0.108297
0.0426665
0.0513564
0.0605275
0.0700797
0.165277
0.102165
0.132546
0.0229303
0.119717
0.0266844
0.0381951
0.0689153
0.0863976
0.14199
0.190702
0.157239
0.0265163
0.132252
0.0210925
0.0358195
0.064124
0.0867359
0.0887292
0.0916209
0.0967337
0.0243545
0.0236085
0.0304578
0.0354059
0.0395704
0.0420968
0.0463786
0.0506354
0.0598945
0.116255
0.0970328
0.182097
0.0266889
0.0822832
0.0250374
0.0353621
0.0522677
0.088728
0.0978597
0.114512
0.163174
0.0578663
0.0266315
0.0321866
0.0415795
0.0464835
0.103724
0.105971
0.115988
0.0222988
0.0196605
0.0172566
0.0495058
0.0891681
0.0922617
0.113863
0.0248504
0.021084
0.025637
0.0310924
0.0463534
0.0526511
0.0542018
0.0992553
0.107116
0.127355
0.128589
0.0202903
0.0321067
0.0369158
0.0567885
0.0860486
0.0866397
0.0877833
0.091913
0.0968311
0.113025
0.13657
0.140853
0.0658883
0.0700569
0.126622
0.0750258
0.02051
0.0814438
0.10205
0.120789
0.0875486
0.093065
0.0164471
0.0298265
0.0403624
0.0481157
0.0999551
0.0952934
0.0977466
0.101548
0.100686
0.161428
0.0152771
0.0246807
0.0271852
0.0571714
0.119822
0.133646
0.093594
0.110659
0.116232
0.147459
0.160276
0.0329236
0.0449318
0.0496768
0.086352
0.106624
0.11647
0.11504
0.122509
0.0189131
0.0262268
0.0333148
0.0435088
0.0614875
0.133373
0.103165
0.109934
0.120387
0.13246
0.109262
0.0203593
0.0322258
0.0380487
0.052533
0.114941
0.0897657
0.0485525
0.143319
0.0492911
0.0572707
0.0624364
0.0660917
0.125524
0.0851053
0.0918536
0.103384
0.119521
0.180401
0.124787
0.168341
0.0301737
0.17703
0.0944277
0.0961525
0.0982757
0.108451
0.124467
0.0113849
0.0222035
0.0342081
0.0413938
0.0465881
0.0594467
0.08246
0.0885488
0.113638
0.115475
0.154154
0.0151888
0.0221458
0.0266733
0.0539145
0.0553932
0.101415
0.10716
0.120483
0.123386
0.0814731
0.0274448
0.0444692
0.0657909
0.139723
0.113102
0.118341
0.12448
0.187504
0.00534682
0.0178179
0.0477541
0.062496
0.0883892
0.0937354
0.100547
0.121974
0.0074689
0.0309668
0.0337289
0.0551947
0.0579542
0.133907
0.153226
0.0860837
0.0966301
0.10218
0.0129287
0.0258942
0.0371341
0.0390472
0.0396909
0.0437773
0.0763493
0.0872134
0.10625
0.0844207
0.0506069
0.0626432
0.0669653
0.083624
0.0915387
0.0961103
0.10061
0.151555
0.154058
0.154359
0.138659
0.00515666
0.0224388
0.113213
0.108837
0.113547
0.141481
0.0275545
0.0314742
0.0429691
0.066813
0.0825735
0.0845469
0.101241
0.106338
0.120359
0.0291119
0.167329
0.0544522
0.0632033
0.0959961
0.113519
0.115663
0.00895644
0.10132
0.0478582
0.130357
0.0585914
0.0607027
0.0659292
0.0916314
0.083609
0.0817504
0.0756636
0.0674844
0.0584049
0.0492824
0.0442498
0.0902001
0.0824943
0.0506275
0.0944368
0.0744459
0.0647756
0.0572547
0.0555903
0.0785282
0.0672123
0.0492562
0.0695239
0.059814
0.0569596
0.0862318
0.078637
0.051924
0.0501694
0.0453611
0.0903754
0.0618366
0.0893634
0.0956746
0.0835538
0.0750863
0.0681826
0.056091
0.0479331
0.100024
0.100726
0.0868694
0.0817922
0.0675002
0.0555565
0.0555292
0.0501571
0.0433076
0.0759217
0.0623926
0.0587678
0.0550878
0.044945
0.0987086
0.0858866
0.104569
0.0813584
0.0596335
0.0557249
0.0437343
0.109781
0.0813506
0.0504212
0.0494837
0.0975847
0.076829
0.0625062
0.0535468
0.0528475
0.0467234
0.0458806
0.116023
0.11858
0.0956542
0.0711334
0.0621878
0.0575976
0.0493891
0.111156
0.103729
0.0668218
0.0613921
0.0526506
0.0474766
0.119573
0.0669867
0.0676663
0.0645288
0.0522608
0.0557507
0.14474
0.107641
0.0949599
0.0940925
0.0866143
0.0588991
0.0445223
0.116789
0.111301
0.0764681
0.0666535
0.0677261
0.0718394
0.056589
0.12593
0.125455
0.123633
0.11148
0.0741155
0.0542615
0.0515715
0.113147
0.112534
0.0803379
0.0604461
0.0513307
0.127547
0.130073
0.093416
0.0837213
0.0740838
0.0661406
0.056474
0.117666
0.116006
0.0751658
0.072186
0.0744428
0.0703334
0.0692752
0.0660687
0.0588837
0.112344
0.102454
0.0698747
0.0697453
0.060495
0.0556468
0.150838
0.129137
0.107007
0.100707
0.0773825
0.0612412
0.14899
0.126353
0.123803
0.107836
0.0989432
0.0952811
0.0783547
0.0641973
0.131727
0.125851
0.0801139
0.0772128
0.0754125
0.0611509
0.0833308
0.0822022
0.0776959
0.0764288
0.0739957
0.0664435
0.168685
0.0898955
0.0784718
0.0628149
0.16664
0.154074
0.14997
0.13114
0.109121
0.0938037
0.161462
0.166511
0.150506
0.159151
0.156906
0.129075
0.111033
0.107398
0.0965717
0.0808381
0.0799383
0.0783115
0.148163
0.0632076
0.145713
0.153249
0.147797
0.157459
0.115514
0.136499
0.115219
0.0816894
0.0830068
0.171725
0.159451
0.121065
0.0842583
0.0797389
0.121803
0.123482
0.118605
0.154516
0.135967
0.121318
0.0967643
0.083582
0.151394
0.152969
0.127096
0.151491
0.15929
0.157388
0.155299
0.155088
0.159669
0.123704
0.139437
0.133747
0.127631
0.112953
0.107576
0.0946327
0.0864131
0.159323
0.163082
0.149761
0.157258
0.139642
0.115597
0.0909147
0.0882239
0.156484
0.162023
0.13062
0.166767
0.118244
0.0994656
0.0977451
0.129699
0.127307
0.10618
0.103674
0.109085
0.0941083
0.16358
0.167421
0.132176
0.131716
0.131065
0.125919
0.121365
0.11894
0.0997439
0.162148
0.143705
0.152164
0.150249
0.137719
0.134156
0.122199
0.103128
0.153948
0.157965
0.145673
0.136498
0.142214
0.123844
0.105448
0.169112
0.141251
0.135295
0.136717
0.140839
0.133056
0.112593
0.108055
0.157493
0.135106
0.135667
0.148066
0.13942
0.135008
0.127132
0.125452
0.122854
0.110615
0.168812
0.149278
0.179609
0.150896
0.126902
0.136259
0.167525
0.170104
0.180595
0.128301
0.120901
0.174618
0.182718
0.147318
0.15623
0.163516
0.122946
0.142028
0.170483
0.178422
0.157667
0.14374
0.124515
0.116571
0.134462
0.154569
0.173694
0.126208
0.140828
0.159251
0.149034
0.161992
0.133761
0.130388
0.131143
0.128492
0.132426
0.118246
0.151269
0.1296
0.115416
0.146469
0.184306
0.168076
0.162696
0.130733
