0.0847808
0.16228
0.0896592
0.112692
0.170932
0.0713204
0.0829643
0.160657
0.152745
0.135712
0.149774
0.138425
0.161371
0.158728
0.0787001
0.149124
0.0925104
0.141073
0.133181
0.0923196
0.13409
0.15009
0.138264
0.13892
0.138553
0.123402
0.0995048
0.0908371
0.148113
0.143083
0.13292
0.121916
0.118211
0.148352
0.144057
0.0355512
0.139917
0.13563
0.136626
0.117716
0.102398
0.095434
0.0530772
0.165948
0.113252
0.102869
0.0900033
0.0867668
0.120418
0.16158
0.0643404
0.1427
0.14069
0.133211
0.122033
0.117969
0.109179
0.10785
0.0966121
0.0937572
0.117942
0.114182
0.103394
0.0983232
0.145955
0.062517
0.138189
0.145238
0.131926
0.132283
0.120044
0.109373
0.0940594
0.0919673
0.0876049
0.158651
0.0577929
0.0595405
0.0641523
0.136427
0.135886
0.146247
0.116029
0.140708
0.138229
0.135248
0.11633
0.112603
0.111329
0.105831
0.0995547
0.0874861
0.0271119
0.165393
0.16568
0.143613
0.150636
0.104746
0.141724
0.115613
0.138548
0.130687
0.123623
0.118549
0.0954621
0.167329
0.16109
0.0570046
0.0557047
0.148973
0.140491
0.136895
0.173495
0.0993366
0.0964952
0.0893592
0.0893859
0.0524155
0.0523911
0.132754
0.103586
0.095083
0.172289
0.0534716
0.0502517
0.0676142
0.0792643
0.107405
0.0914941
0.0998278
0.0759097
0.156393
0.129198
0.0956865
0.120489
0.101387
0.145595
0.151054
0.0992149
0.0935458
0.0954972
0.0488255
0.0460491
0.04771
0.136425
0.134044
0.109518
0.0924033
0.102752
0.0710821
0.156306
0.0949004
0.142884
0.144956
0.142551
0.136363
0.129551
0.106012
0.0878387
0.0234315
0.0467601
0.0453788
0.0491438
0.160435
0.125563
0.100485
0.0945259
0.106769
0.0827342
0.141614
0.111613
0.109895
0.105156
0.0948643
0.116529
0.14007
0.0433888
0.0416815
0.0688676
0.098172
0.07308
0.160081
0.0776472
0.108953
0.0892345
0.0876487
0.0868811
0.0841739
0.0396783
0.0436594
0.109321
0.0515136
0.132768
0.131188
0.127784
0.0997711
0.0739461
0.153243
0.0352226
0.0391892
0.139169
0.0885908
0.160705
0.159477
0.0398871
0.131273
0.0627523
0.0839437
0.0908768
0.133402
0.127998
0.139573
0.107101
0.101258
0.0978726
0.068179
0.106061
0.155185
0.151191
0.157757
0.10861
0.144872
0.125383
0.102512
0.094596
0.0901981
0.162588
0.0104575
0.0320988
0.148974
0.135911
0.147677
0.104674
0.0980134
0.0808523
0.118981
0.160325
0.105946
0.156883
0.161099
0.129371
0.111891
0.105479
0.0961975
0.0930505
0.089715
0.139194
0.157925
0.0641265
0.104921
0.150604
0.145372
0.144386
0.142544
0.138528
0.132493
0.108895
0.109077
0.101481
0.0459669
0.0744771
0.154864
0.155468
0.135937
0.129715
0.126795
0.127952
0.0973101
0.087229
0.102845
0.164647
0.143886
0.129983
0.12496
0.0946474
0.0904553
0.152869
0.15126
0.146115
0.144866
0.14081
0.135259
0.131792
0.150679
0.139406
0.115872
0.110777
0.105237
0.0980511
0.0935391
0.162313
0.163187
0.142861
0.105471
0.0941004
0.155241
0.1493
0.137344
0.128849
0.12695
0.145774
0.112425
0.133387
0.157105
0.156468
0.157773
0.0230903
0.145489
0.14107
0.130599
0.102042
0.0981045
0.127297
0.121727
0.137274
0.0856086
0.064174
0.14885
0.146925
0.0707268
0.108739
0.101915
0.0924315
0.164909
0.16264
0.0756304
0.121372
0.0744669
0.13825
0.14182
0.136171
0.134026
0.127363
0.123528
0.100218
0.0974981
0.0957392
0.0854923
0.0252135
0.135986
0.151377
0.136592
0.143227
0.128955
0.104958
0.0645142
0.0933669
0.148709
0.154357
0.1476
0.126977
0.125451
0.112016
0.102548
0.0397499
0.0591833
0.136888
0.151337
0.055602
0.106622
0.0977979
0.0896981
0.156852
0.144211
0.141044
0.139245
0.13589
0.133676
0.130072
0.125649
0.0941409
0.084072
0.0719674
0.171481
0.152267
0.131492
0.156793
0.14857
0.121201
0.119888
0.106466
0.101942
0.0950367
0.0898752
0.0928206
0.164142
0.0690546
0.145036
0.123205
0.116939
0.0774218
0.0993468
0.0756099
0.153333
0.1423
0.137641
0.134839
0.16074
0.0795806
0.0720088
0.0828819
0.0822152
0.0998269
0.149196
0.151506
0.139374
0.131839
0.126832
0.124359
0.122075
0.12008
0.117306
0.156262
0.0852126
0.0823744
0.0785664
0.0699379
0.0901913
0.152129
0.080047
0.0990778
0.134823
0.12937
0.122561
0.114412
0.114728
0.110959
0.15927
0.159979
0.120891
0.119987
0.139984
0.16287
0.159373
0.15544
0.145966
0.134788
0.118738
0.103418
0.0867522
0.13714
0.112203
0.0869517
0.0745819
0.0891156
0.154137
0.149482
0.145271
0.141312
0.13123
0.108262
0.0992042
0.0993726
0.0813888
0.0589359
0.132939
0.12511
0.116321
0.109943
0.106654
0.0954603
0.0914139
0.0794104
0.0757835
0.0591254
0.124493
0.111841
0.104367
0.0862334
0.0818769
0.138101
0.134063
0.0701999
0.150792
0.149842
0.144935
0.134093
0.100916
0.0904368
0.0818871
0.0706215
0.0486692
0.138738
0.130739
0.128439
0.120375
0.114194
0.103005
0.0725918
0.127517
0.131106
0.138844
0.140303
0.125556
0.111976
0.110458
0.0988453
0.0881335
0.131951
0.139411
0.0954253
0.120751
0.124171
0.163262
0.123464
0.0835829
0.131207
0.114602
0.0634833
0.119214
0.103877
0.0845351
0.0794815
0.147433
0.132897
0.130017
0.0937751
0.098122
0.138776
0.0453115
0.137332
0.138768
0.135526
0.12605
0.121654
0.119039
0.11381
0.161942
0.0690483
0.0813167
0.0774183
0.10952
0.0715366
0.0805514
0.111435
0.138446
0.134316
0.0749568
0.0669644
0.134445
0.0865116
0.0803597
0.107597
0.145508
0.148633
0.15255
0.111485
0.077856
0.0700323
0.0689165
0.133455
0.067704
0.0728472
0.0589659
0.0581993
0.0549533
0.141015
0.157011
0.135913
0.0849737
0.0780632
0.0642806
0.141202
0.1368
0.142152
0.171651
0.167895
0.126073
0.0663107
0.0548667
0.0568381
0.152716
0.156317
0.165083
0.127303
0.147089
0.0420108
0.0808186
0.0751063
0.0700986
0.0581981
0.052023
0.128053
0.121238
0.0699156
0.0751278
0.0720748
0.0614035
0.0530262
0.0538729
0.146715
0.153893
0.13861
0.0284279
0.132291
0.155302
0.108988
0.176728
0.0831509
0.140205
0.0462604
0.0344315
0.146422
0.079487
0.0688059
0.0633728
0.126137
0.0444944
0.0759863
0.0577705
0.0540519
0.149137
0.148053
0.0507051
0.049513
0.124824
0.154602
0.0738778
0.0648107
0.0453522
0.137926
0.0672217
0.136591
0.0881874
0.0837102
0.0695218
0.0572269
0.148487
0.13707
0.0495567
0.155714
0.139853
0.133683
0.151735
0.0845728
0.0786306
0.0605934
0.0517819
0.0468325
0.0427839
0.165595
0.164113
0.0441605
0.174312
0.0711082
0.0550196
0.141523
0.0439112
0.140827
0.0831638
0.0810761
0.0719841
0.0528677
0.0469073
0.150053
0.13767
0.0561901
0.0666874
0.0628735
0.0561027
0.0404635
0.0435011
0.158035
0.154551
0.0199315
0.0689165
0.0500378
0.0798658
0.0401029
0.00501834
0.0565165
0.140701
0.137297
0.153472
0.154746
0.0770301
0.0604974
0.0117656
0.0401849
0.143979
0.0834255
0.0833847
0.0614656
0.0513205
0.0455614
0.142225
0.171525
0.151981
0.0927899
0.14428
0.141821
0.0720334
0.0655333
0.0569954
0.0406128
0.135244
0.142324
0.0980779
0.166327
0.150153
0.0636857
0.148026
0.0636922
0.079758
0.0620034
0.034001
0.139866
0.129014
0.127978
0.149824
0.077172
0.0708641
0.0537683
0.164353
0.131033
0.134089
0.161061
0.144727
0.0809467
0.0764742
0.0413943
0.125313
0.0616329
0.133087
0.0665191
0.0603277
0.0488934
0.028813
0.121479
0.171159
0.146329
0.135363
0.122102
0.0145051
0.144978
0.141411
0.124136
0.126775
0.156162
0.0850444
0.077269
0.0729032
0.0691061
0.061945
0.143196
0.140505
0.0701747
0.145882
0.0807911
0.0643495
0.0364464
0.031449
0.128222
0.160187
0.137896
0.0169291
0.134571
0.0820255
0.15789
0.0708227
0.136034
0.0768342
0.169548
0.170463
0.0625233
0.0385579
0.0672745
0.0731137
0.0621322
0.0591296
0.0538578
0.162228
0.0616853
0.129074
0.146124
0.15098
0.0550395
0.0502593
0.177789
0.164676
0.0134364
0.0463867
0.0847696
0.0702345
0.05164
0.130541
0.151683
0.0882456
0.0770649
0.0569985
0.0542494
0.0290339
0.0658699
0.152886
0.177659
0.160013
0.120159
0.0822577
0.0681627
0.0595653
0.150177
0.162586
0.12774
0.165579
0.147497
0.172469
0.064697
0.0559179
0.0780791
0.0487106
0.143502
0.153757
0.172534
0.0754643
0.128739
0.0614294
0.141507
0.141192
0.140337
0.059625
0.139681
0.0444575
0.0443144
0.0358021
0.042958
0.0432646
0.0407519
0.07428
0.0459122
0.0416496
0.0415961
0.169928
0.145068
0.184214
0.179142
0.140603
0.0862769
0.0410642
0.0369142
0.0381783
0.164601
0.147015
0.178259
0.00806156
0.158352
0.0516087
0.0415233
0.0353856
0.040817
0.133872
0.0401508
0.0207012
0.159594
0.110511
0.176027
0.046779
0.0377529
0.0231135
0.0333009
0.0349607
0.0684532
0.134593
0.0520628
0.0446566
0.0330722
0.15872
0.0286458
0.0274132
0.0279079
0.032672
0.0322344
0.0584817
0.177352
0.127222
0.0256235
0.117357
0.165486
0.129367
0.136934
0.124434
0.185791
0.0487449
0.0383351
0.0316171
0.168863
0.0514763
0.041521
0.0347921
0.0882458
0.0245748
0.111667
0.0473033
0.0823872
0.129816
0.0470533
0.0426337
0.0323281
0.0247667
0.175713
0.15364
0.162601
0.0189271
0.0211024
0.0220882
0.0404438
0.0364301
0.0198291
0.0589659
0.139984
0.0404559
0.0353752
0.0322953
0.0171819
0.0172288
0.0782729
0.151582
0.0376066
0.0140792
0.0205799
0.175524
0.150065
0.145816
0.0335148
0.0136181
0.164059
0.172207
0.175465
0.154378
0.131934
0.0387703
0.0325532
0.0138798
0.00976763
0.148098
0.14329
0.0103972
0.00938956
0.144209
0.143307
0.186531
0.134113
0.0363295
0.00855554
0.00516378
0.173543
0.170702
0.145379
0.109941
0.120788
0.0350864
0.182477
0.0129755
0.147864
0.137363
0.139052
0.0307234
0.0867265
0.0073785
0.093149
0.165789
0.171449
0.140402
0.162544
0.016543
0.115319
0.169061
0.1516
0
0.0102909
0.118433
0.16972
0.156628
0.153165
0.168894
0.00993866
0.0089986
0
0.00587267
0.140577
0.139839
0.134981
0.00990738
0.00568377
0.0272677
0.112601
0.143657
0.0126809
0.148501
0.0321733
0.165507
0.0162957
0.0174745
0.00445422
0.0270928
0.123407
0.0201884
0.0386059
0.0336854
0.136435
0
0.00068051
0.168384
0.134584
0.0114481
0
0
0.160442
0.185062
0.155152
0.114701
0.0444056
0.141328
0.156443
0.031059
0.183901
0.138945
0.136341
0.123984
0.025458
0.00369489
0.00394592
0.0834494
0.141907
0.156906
0.146175
0.0207819
0.012494
0.122336
0.186758
0.186039
0.183869
0.174969
0.184065
0.158988
0.0912893
0.142298
0.138371
0.152739
0.182184
0.153638
0.154866
0.17942
0.0998638
0.142411
0.159589
0.156811
0.142166
0.179927
0.115366
0.137698
0.142401
0.173618
0.14523
0.0964415
0.180058
0.180084
0.0727099
0.144375
0.109418
0.119364
0.104947
0.133767
0.112298
0.073852
0.08042
0.078876
0.148167
0.147698
0.148536
0.142342
0.0854309
0.114797
0.155232
0.179606
0.177808
0.151489
0.142701
0.150441
0.143661
0.092795
0.146781
0.148881
0.159169
0.0926084
0.169108
0.16803
0.0270527
0.184185
0.097337
0.0903342
0.0340756
0.129049
0.170086
0.138529
0.159084
0.0292508
0.111199
0.0372875
0.145595
0.165296
0.172814
0.153998
0.0329496
0.110418
0.0419931
0.135366
0.156233
0.122554
0.163744
0.0269957
0.134935
0.0364553
0.041264
0.125199
0.169358
0.173755
0.143272
0.163861
0.101824
0.13535
0.0877516
0.0470543
0.0455469
0.149553
0.166495
0.110579
0.0513956
0.173219
0.0902081
0.140501
0.13858
0.114008
0.170352
0.0257043
0.138454
0.0420853
0.0550241
0.13782
0.156333
0.157862
0.157738
0.167224
0.157796
0.0348266
0.0327661
0.0298254
0.0227793
0.0597376
0.126397
0.14776
0.0684398
0.16038
0.167863
0.160691
0.0716789
0.0326739
0.028971
0.137708
0.0534872
0.0561736
0.16466
0.114592
0.169789
0.0776165
0.0818766
0.037335
0.162048
0.0453519
0.0508684
0.120055
0.151
0.149859
0.154417
0.160123
0.0275121
0.103385
0.108385
0.0512157
0.0621228
0.0661108
0.0703598
0.0898286
0.130506
0.157775
0.0352986
0.0339607
0.059856
0.152313
0.146965
0.115251
0.146417
0.121425
0.0320407
0.168325
0.132188
0.0943735
0.0498434
0.0583589
0.133198
0.100538
0.0986339
0.158804
0.143996
0.108162
0.154854
0.0951244
0.0753506
0.156918
0.115311
0.122092
0.131551
0.0244979
0.14208
0.126415
0.118023
0.116745
0.11696
0.131792
0.139981
0.119
0.124998
0.12871
0.13791
0.142376
0.140546
0.0820449
0.128008
0.119054
0.120106
0.120673
0.11991
0.1194
0.121068
0.130889
0.127303
0.123952
0.110275
0.113714
0.119546
0.129567
0.159653
0.12883
0.12861
0.125644
0.121602
0.160463
0.123568
0.131122
0.121821
0.119268
0.122853
0.155868
0.118504
0.143047
0.126647
0.157267
0.123761
0.124825
0.0151735
0.16371
0.142917
0.118828
0.129004
0.125855
0.107131
0.122735
0.123361
0.141342
0.142485
0.165318
0.121329
0.146587
0.13214
0.118294
0.165672
0.129791
0.129811
0.127544
0.112298
0.159967
0.127462
0.168515
0.142386
0.128412
0.115528
0.162407
0.121077
0.162571
0.176165
0.107838
0.123921
0.170714
0.163468
0.167379
0.12771
0.133461
0.169797
0.159421
0.141256
0.166048
0.12899
0.173485
0.174995
0.162337
0.122839
0.163614
0.1574
0.0883583
0.173023
0.175024
0.131424
0.139603
0.174453
0.129017
0.126079
0.131162
0.167596
0.133048
0.179279
0.13761
0.141169
0.140548
0.141051
0.15975
0.11481
0.163495
0.163492
0.141046
0.167292
0.121519
0.125332
0.175834
0.146562
0.170567
0.171273
0.109918
0.169935
0.106602
0.165166
0.1722
0.116247
0.106233
0.159692
0.169637
0.141423
0.0407934
0.138148
0.153593
0.160799
0.174138
0.158359
0.160304
0.171678
0.111146
0.106068
0.12746
0.169288
0.0547893
0.11685
0.134419
0.172135
0.151122
0.114447
0.169494
0.117707
0.172579
0.109765
0.116264
0.145821
0.16425
0.170519
0.162248
0.161194
0.158977
0.166629
0.161977
0.159508
0.0978033
0.159516
0.066327
0.164802
0.12253
0.115795
0.169334
0.171301
0.122498
0.0874167
0.0754274
0.0715383
0.120109
0.0897318
0.126722
0.0926645
0.0936597
0.0959353
0.140087
0.0225808
0.114761
0.123842
0.174366
0.145839
0.182666
0.0872917
0.092839
0.111603
0.117071
0.155131
0.12616
0.159856
0.0881342
0.0958212
0.14306
0.14328
0.178073
0.13263
0.0920607
0.0977899
0.0892896
0.118639
0.152764
0.128164
0.125937
0.135713
0.143286
0.0926539
0.0942864
0.13118
0.120591
0.14243
0.13236
0.131665
0.137438
0.139111
0.111078
0.116394
0.122321
0.162769
0.131961
0.135178
0.151889
0.170913
0.163947
0.167603
0.0799979
0.141495
0.116185
0.14011
0.130677
0.138565
0.13691
0.12926
0.132159
0.134154
0.148003
0.0867724
0.146127
0.11936
0.136596
0.140087
0.17335
0.1079
0.136535
0.167453
0.0531115
0.0780757
0.0806425
0.0159042
0.0297818
0.110519
0.113125
0.132754
0.134123
0.139098
0.179359
0.0815274
0.0573313
0.117908
0.159111
0.0767791
0.0854889
0.112752
0.136695
0.161832
0.17978
0.16267
0.0739613
0.126695
0.139246
0.145413
0.154897
0.140137
0.107825
0.124826
0.144145
0.159137
0.163816
0.0414987
0.0799445
0.0859261
0.119532
0.153814
0.185177
0.181564
0.166939
0.176259
0.0830618
0.0315707
0.116257
0.165442
0.0416134
0.169386
0.159663
0.160492
0.175213
0.0929951
0.0321624
0.0828267
0.174619
0.154757
0.142691
0.14194
0.17293
0.0249508
0.0762412
0.0800326
0.0266669
0.136939
0.176947
0.155054
0.0721353
0.0338866
0.174781
0.0692932
0.0696319
0.0735472
0.0866267
0.116829
0.170621
0.0754995
0.084949
0.033488
0.0137911
0.052044
0.126547
0.176091
0.148083
0.141394
0.0111242
0.128025
0.0991423
0.155148
0.177897
0.072226
0.0307078
0.14009
0.14606
0.150057
0.0423453
0.128417
0.1365
0.143134
0.140522
0.158525
0.155932
0.186878
0.0719463
0.0479811
0.132548
0.136827
0.143653
0.15649
0.0528789
0.149447
0.0710097
0.0748677
0.0798451
0.132353
0.152737
0.136192
0.158362
0.0464793
0.0835711
0.139132
0.140405
0.147113
0.150088
0.157499
0.0338676
0.14975
0.159412
0.170025
0.0787156
0.121359
0.128983
0.155494
0.156502
0.163517
0.161411
0.0359482
0.0733841
0.186987
0.0671735
0.13435
0.133288
0.0705523
0.0740315
0.0795475
0.089921
0.129149
0.138044
0.150159
0.152052
0.161495
0.125544
0.1332
0.143855
0.153425
0.131521
0.13568
0.142935
0.144646
0.0993265
0.0742429
0.077733
0.139615
0.0576207
0.15174
0.148339
0.153653
0.138763
0.147323
0.15337
0.153974
0.159634
0.135666
0.0820371
0.135513
0.143949
0.161288
0.155428
0.0711879
0.0747431
0.125164
0.129244
0.132432
0.150374
0.153758
0.140606
0.138773
0.136479
0.168443
0.142493
0.148715
0.155915
0.140554
0.130465
0.167134
0.0566718
0.1651
0.147561
0.122182
0.131457
0.0520412
0.0759856
0.0824465
0.0558422
0.033846
0.0479221
0.0461354
0.0236054
0.0165001
0.020114
0.0631631
0.00508764
0.176413
0.0491568
0.027031
0.0550902
0.0183868
0.0521468
0.105306
0.0461649
0.0268921
0.0765896
0.176366
0.0602806
0.116939
0.0337014
0.0814307
0.0947368
0.0598724
0.178522
0.0785929
0.179671
0.0909766
0.0545513
0.133239
0.0981938
0.180389
0.0765308
0.0501946
0.133599
0.021931
0.0523641
0.0643031
0.0596599
0.127599
0.0622457
0.0511647
0.178752
0.130223
0.0778824
0.0324097
0.081023
0.175993
0.0435404
0.12751
0.0200812
0.0179924
0.0568756
0.0229178
0.0355277
0.0955462
0.0584
0.0631343
0.0203175
0.031439
0.0857585
0.0302048
0.101965
0.0512668
0.0146289
0.0382374
0.0896469
0.0374821
0.1039
0.123699
0.0345732
0.0214807
0.0360777
0.0203843
0.014042
0.0375216
0.0889558
0.0163161
0.0502791
0.0232808
0.0419002
0.0842263
0.0745215
0.121013
0.0310836
0.0332709
0.0644835
0.0611838
0.0619184
0.0442391
0.0689912
0.188448
0.0724111
0.108217
0.028355
0.0845376
0.116747
0.0234018
0.0846424
0.0505184
0.106506
0.088379
0.0289417
0.0546768
0.00982219
0.0431763
0.024049
0.0288935
0.039289
0.0672661
0.15433
0.0156873
0.00892558
0.0470809
0.0723853
0.0500054
0.100006
0.080255
0.0864937
0.0400216
0.0193896
0.0971894
0.0339221
0.0613484
0.0691265
0.0192907
0.0451929
0.111077
0.102652
0.0531288
0.0612893
0.0673853
0.0900723
0.109825
0.106759
0.0392492
0.0726814
0.065359
0.0127318
0.187771
0.0760977
0.0570721
0.0652387
0.102892
0.0667962
0.0382702
0.044498
0.0144149
0.102781
0.0942518
0.0745515
0.188105
0.0992341
0.104727
0.101235
0.0700852
0.0589265
0.0569717
0.0232361
0.187142
0.0109932
0.0241609
0.0273236
0.0923462
0.0846471
0.10227
0.0891029
0.0264516
0.0769339
0.0643259
0.102389
0.0808202
0.0275952
0.0418294
0.0985889
0.0948122
0.0782862
0.0730269
0.066441
0.0525898
0.0659583
0.0719332
0.0458383
0.0496747
0.0950991
0.098919
0.15697
0.0420875
0.0483011
0.0584916
0.0632174
0.096093
0.0884763
0.0930783
0.108439
0.158265
0.055544
0.0737631
0.0415821
0.0566597
0.0653173
0.12275
0.0966772
0.1121
0.0387366
0.0366671
0.0463734
0.0281877
0.103891
0.106915
0.0386323
0.0493025
0.0556372
0.0640523
0.0719787
0.0456443
0.102646
0.11393
0.105927
0.0343243
0.124811
0.0357579
0.0404427
0.0447687
0.0545834
0.0616156
0.0319954
0.0416999
0.0482003
0.0473576
0.0770977
0.141148
0.101254
0.0290846
0.0352088
0.028251
0.0370111
0.0352506
0.0424956
0.0541042
0.0571512
0.0663927
0.0322165
0.0272553
0.109919
0.0433951
0.0522149
0.061808
0.0715927
0.165463
0.104546
0.131596
0.0249894
0.121049
0.0270795
0.0388873
0.0709507
0.0885456
0.140436
0.18864
0.15578
0.0293702
0.129678
0.0223221
0.0370667
0.0674644
0.0892536
0.0909109
0.0939245
0.0992745
0.0273908
0.0247682
0.0318198
0.0358856
0.0402466
0.0428206
0.0472371
0.051691
0.0615522
0.115095
0.0972587
0.181566
0.0296357
0.079789
0.0256024
0.0359244
0.0533711
0.0913247
0.100066
0.11345
0.162254
0.0586525
0.0273418
0.0328111
0.0420729
0.047585
0.105817
0.105844
0.11763
0.0249719
0.0217054
0.0195227
0.0501787
0.092463
0.0931835
0.113532
0.026911
0.0232651
0.0260605
0.0315221
0.0470123
0.0533653
0.0550618
0.0986092
0.105633
0.126001
0.127685
0.0208539
0.0325839
0.0373942
0.0576204
0.0888357
0.0894606
0.0906024
0.0937899
0.0957952
0.111585
0.135048
0.140751
0.0667517
0.0708009
0.124657
0.0764487
0.0209302
0.0826952
0.102699
0.119032
0.0891679
0.0944961
0.0168012
0.0302883
0.041575
0.0489733
0.0994558
0.0956012
0.0988723
0.103415
0.101355
0.160116
0.0154884
0.0251424
0.0294928
0.0582612
0.117616
0.131942
0.0960157
0.110961
0.116334
0.146206
0.158424
0.0346404
0.0456875
0.0504996
0.089257
0.106125
0.115898
0.113664
0.121402
0.0193054
0.0269227
0.0340735
0.0442694
0.0626034
0.131885
0.102864
0.109305
0.118707
0.131007
0.108337
0.021032
0.0329601
0.0387869
0.053439
0.11353
0.0925358
0.0494618
0.143662
0.0501346
0.0583878
0.0639038
0.0672078
0.123527
0.0871064
0.08905
0.100985
0.118617
0.178371
0.123041
0.168907
0.0307267
0.176625
0.091522
0.0933511
0.0954771
0.106053
0.122555
0.0114718
0.0226513
0.0348366
0.0420374
0.0474115
0.0608044
0.0840843
0.0902325
0.112447
0.113082
0.152277
0.0155811
0.0231373
0.0272134
0.0553123
0.0564801
0.0986064
0.105757
0.118568
0.122223
0.0817813
0.0289288
0.0458575
0.0671061
0.138113
0.113635
0.118408
0.123858
0.185999
0.00460601
0.01929
0.049231
0.0638674
0.0888295
0.0910252
0.0983936
0.120438
0.00891053
0.0323984
0.035018
0.0569339
0.0603639
0.132446
0.151766
0.0869685
0.0959792
0.102178
0.0141787
0.0273259
0.03872
0.0404178
0.0413053
0.0453797
0.0774253
0.0883695
0.107248
0.0856753
0.0522484
0.0641146
0.0684541
0.0847044
0.0912491
0.0971095
0.101921
0.151426
0.155543
0.153104
0.139575
0.00515666
0.0232439
0.114535
0.110564
0.115089
0.139328
0.0283629
0.0329593
0.0444662
0.0683354
0.0845209
0.0865769
0.103233
0.108505
0.118589
0.0299936
0.165935
0.0561235
0.0648484
0.0975798
0.115711
0.115532
0.00951135
0.0991271
0.0493232
0.129796
0.0602352
0.0624168
0.067566
0.0936484
0.084856
0.0829946
0.0769559
0.068646
0.0591082
0.0506974
0.0460036
0.0912203
0.0838661
0.0522004
0.0909713
0.0757018
0.065407
0.058428
0.0571297
0.0797662
0.0680697
0.0518061
0.0704353
0.0612101
0.057736
0.0871689
0.0795692
0.052284
0.0496214
0.0472664
0.0873388
0.0624269
0.0882658
0.08793
0.0844218
0.0759904
0.0691124
0.0565601
0.0496027
0.0943635
0.0916769
0.0878968
0.0828804
0.0682764
0.0550128
0.0570501
0.0522145
0.0442325
0.0769014
0.0627341
0.0584834
0.0553612
0.0461006
0.0892485
0.0871712
0.0952377
0.0842201
0.060214
0.0576068
0.0456701
0.0985505
0.0821406
0.0516485
0.0512635
0.0911407
0.0771794
0.0642344
0.0547742
0.0541664
0.0483633
0.0484458
0.10663
0.106445
0.0926439
0.0714433
0.0640696
0.0591987
0.0518091
0.0931826
0.0913559
0.0672065
0.0630781
0.0546185
0.0503974
0.109439
0.0686764
0.0691252
0.0662148
0.0545198
0.0581734
0.146007
0.0867659
0.0957091
0.0951931
0.08872
0.0611366
0.0485953
0.0992695
0.0973525
0.0781337
0.0684184
0.0696079
0.0736731
0.0588404
0.11339
0.111404
0.106194
0.0912776
0.0756792
0.0571709
0.0549882
0.094466
0.100022
0.0819792
0.0627915
0.0545875
0.116707
0.116456
0.0957174
0.085439
0.0713032
0.0675568
0.0599266
0.0994896
0.0973245
0.0760127
0.0731705
0.0737864
0.0706107
0.0700714
0.0683477
0.061253
0.102322
0.107903
0.0710876
0.0699164
0.0634961
0.0566226
0.147651
0.112617
0.105411
0.107429
0.0756925
0.0617041
0.150039
0.10884
0.105585
0.107986
0.106014
0.102353
0.077608
0.0648411
0.11528
0.10805
0.0745499
0.0732095
0.0727673
0.0630792
0.0814795
0.076974
0.071444
0.0777977
0.0733251
0.0655252
0.167809
0.0915606
0.0740287
0.0626701
0.168105
0.155122
0.143344
0.113822
0.115598
0.09409
0.162427
0.165654
0.150935
0.160904
0.157704
0.121345
0.11757
0.114827
0.0994998
0.0746052
0.079298
0.0778117
0.147969
0.0623324
0.145651
0.146884
0.147277
0.151954
0.115816
0.120331
0.120875
0.0773529
0.080088
0.172376
0.154699
0.121366
0.0787062
0.0789197
0.121804
0.124088
0.120969
0.155496
0.127657
0.124759
0.0980814
0.0824108
0.152688
0.152059
0.127309
0.150838
0.15919
0.157278
0.156886
0.148046
0.158144
0.124256
0.127016
0.130922
0.129065
0.117521
0.111894
0.0892411
0.0849923
0.160704
0.164581
0.150879
0.157628
0.130704
0.119638
0.0922557
0.0866208
0.151777
0.16164
0.131331
0.168083
0.122387
0.0957591
0.0981107
0.130252
0.129554
0.106012
0.101895
0.106166
0.0937071
0.16119
0.164173
0.132118
0.132075
0.133102
0.129652
0.12613
0.115244
0.0998796
0.15999
0.146119
0.145572
0.145664
0.138281
0.134864
0.126264
0.10315
0.152654
0.156952
0.146911
0.136635
0.136436
0.125589
0.105568
0.169927
0.143218
0.135908
0.139476
0.135496
0.134059
0.111576
0.107917
0.158981
0.134792
0.136064
0.148373
0.136627
0.13589
0.130575
0.123523
0.121127
0.110233
0.168182
0.148627
0.179641
0.150124
0.124821
0.135115
0.166857
0.168526
0.180271
0.126346
0.119504
0.172922
0.181904
0.145359
0.154418
0.162841
0.120932
0.139964
0.169642
0.176624
0.156772
0.142747
0.123118
0.114814
0.13249
0.153905
0.173257
0.125449
0.139953
0.15859
0.147202
0.160471
0.133424
0.128775
0.129747
0.127179
0.131942
0.116165
0.149317
0.12868
0.113869
0.145322
0.183924
0.166246
0.161693
0.133313
